9.2418282774 -2.1833146881
8.8813469144 -0.8593962944
8.2054018319 0.5508879511
7.6894147550 1.7056465961
6.3488338209 2.5535329835
5.4194227500 3.1224927903
4.7228101870 3.6466419054
4.0945157228 4.1851305943
2.9056729326 4.5371068040
2.2789193457 4.7685101118
1.7075060766 4.9633290542
0.6305377644 5.1728360913
-0.1516505962 5.3223722565
-0.6748184521 5.4327365690
-1.7005797894 5.4986040879
-2.6691740727 5.4822489474
-3.8339603399 5.3974877813
-5.2869226830 5.1007648594
-6.6416161577 4.4851105669
-7.9731579384 3.7479374536
-8.2390829891 2.5166787713
-8.3070706486 1.0857654977
-7.7088554233 -0.2389083656
-6.7349296017 -1.3706164217
-5.8387349418 -2.2486992366
-5.2729131561 -3.0243833642
-4.1180330718 -3.5818626203
-3.5974007229 -3.8605145074
-2.7471219368 -4.2712401045
-1.9623750459 -4.4591304280
-0.9531778612 -4.7486371734
-0.1359135244 -4.9780141476
0.5761541692 -5.0872010839
1.3521026456 -5.0847323319
2.1385416138 -5.3278292219
3.2700665944 -5.2455283040
4.4961122028 -5.1786458109
5.9106016052 -4.7882675014
7.3653185224 -4.4017343440
8.2905119832 -3.5241753572
8.9170060355 -2.2437665060
8.9394200309 -0.8756261958
8.2015953171 0.6246550954
7.5243116558 1.6165675992
6.4255072518 2.5225044167
5.8501257164 3.2727886770
4.5782047020 3.6850895622
4.0218213560 4.0432295664
3.1617242496 4.4111919264
2.5919964735 4.7641482535
1.3523118384 5.0150418689
0.6318465710 5.0838177617
-0.1020261548 5.1674205233
-0.7591629728 5.2983650213
-2.0027084970 5.5339167043
-3.0022221529 5.3631290300
-3.8442232391 5.4493415865
-5.4107808465 5.0184042031
-6.7491059779 4.4832665774
-7.7612261247 3.7036337689
-8.4727997819 2.4683314476
-8.5001338343 1.0924372800
-7.7773684820 -0.2614577952
-6.9161308718 -1.3686873482
-5.8350569917 -2.3239427205
-4.8137692781 -2.9790391980
-4.3843390268 -3.4975599283
-3.0877998187 -3.8459500881
-2.3239126868 -4.2284175988
-1.9803344061 -4.5156800702
-0.8440524855 -4.6719642418
-0.5182191909 -4.9338267644
0.4399565944 -5.1407099346
1.3878624480 -5.2113316748
2.3516975343 -5.1821809189
3.2953881471 -5.2772452023
4.6964635909 -5.1214797392
5.9870758095 -4.9194974116
7.3182666321 -4.3659765127
8.2718359946 -3.3763991500
8.7193468249 -2.2708420297
8.7379304826 -0.7508241844
8.4736598122 0.5999956081
7.3126910202 1.6827748672
6.4208841910 2.4337245313
5.3849264784 3.1327670769
4.9434420141 3.7086875849
4.0254579554 4.1782119224
3.3225785732 4.4790468711
2.0661638967 4.6758881451
1.3405821149 4.8892170654
0.9100874838 5.1147667095
-0.0300873658 5.3549456606
-0.6839697805 5.4013388833
-2.0384810575 5.3981668937
-2.9272173024 5.3634973088
-4.2008824152 5.4108499211
-5.4192484304 5.0630920830
-6.4538843096 4.5137502008
-7.7745492614 3.7090289891
-8.4792758800 2.4112050086
-8.6189552317 1.0384146247
-7.8500753392 -0.2848864444
-6.8863244740 -1.4441376946
-5.8415051023 -2.3331960977
-5.0259439175 -2.9453547385
-3.9174468819 -3.4326344539
-3.4693219932 -3.8316308753
-2.8060804224 -4.3317642596
-1.8873072383 -4.4156165456
-1.0342482089 -4.6620303223
-0.3685585467 -4.9031514090
0.4058904646 -5.1174378888
1.3976688218 -5.2746129435
2.4907797212 -5.2958674820
3.2355292454 -5.1897768292
4.6992081632 -5.1040738685
5.9109531458 -4.9337758943
7.3022844102 -4.3700494393
8.0551784589 -3.5444887127
8.7759679014 -2.3112515827
8.9595829014 -0.7831823175
8.5592280956 0.5777204931
7.3726962734 1.6708967610
6.3755776347 2.6093871792
5.4879887521 3.2611314596
4.7167290346 3.7547312790
3.6152266266 4.1449026945
2.9861436727 4.4965722171
2.3694940419 4.6502122150
1.3227567481 4.9511819074
0.7221182852 5.1741605945
-0.1116881683 5.2975118330
-0.6225435715 5.4377245994
-1.7274851665 5.4418811364
-3.0193762946 5.4859744583
-3.8533587638 5.2524765148
-5.0074223770 5.1478348049
-6.7697422305 4.4910715042
-7.5280834870 3.6169354391
-8.1601888407 2.4693654084
-8.6734030361 1.0436793527
-7.7139109996 -0.2680770622
-6.7401246232 -1.5456563062
-6.0234150830 -2.3295978091
-4.8457962704 -2.9582855922
-4.2425217116 -3.5777704235
-3.2748858812 -3.8684664247
-2.7370712403 -4.2774212327
-1.6123632861 -4.4173954270
-0.9010821139 -4.7713727606
-0.1839007777 -4.8235239530
0.5151703160 -5.0916471775
1.5783582857 -5.2431291989
2.4556899836 -5.3314287289
3.2634613434 -5.3508602614
4.5765703783 -5.2043580865
5.9601940484 -4.7895492677
6.8517127157 -4.3817764045
8.4883154916 -3.5270334551
8.8644200325 -2.2145128268
8.8320835282 -0.8409490418
8.4643049025 0.5267295083
7.3236314683 1.7016009028
6.8579136864 2.5537781420
5.8386918765 3.0907437020
4.8927924915 3.7759541789
3.9930111224 4.0263987824
3.0376743170 4.4313342804
2.1774124966 4.6707511371
1.3719855222 4.8847344621
0.5955535045 5.1546672655
-0.0903473879 5.3255661989
-0.6605432083 5.3261368057
-1.6655988257 5.5265659236
-2.5902826413 5.4025848752
-4.2296884205 5.2535120890
-5.1169854435 5.1640825334
-6.6339824550 4.4693741220
-7.7999431098 3.7193985866
-8.1857013709 2.3498070614
-8.4615858669 0.9423805293
-7.7642415103 -0.3680621800
-7.0832998476 -1.3765118739
-6.0696238473 -2.4183523076
-4.9617063205 -2.9809716754
-4.3826931883 -3.4512505786
-3.2500507069 -3.9062171758
-2.3351680172 -4.2081587564
-1.7399008664 -4.5151016552
-1.1848722772 -4.7458211620
-0.1210576225 -4.8223921602
0.5386214354 -5.1508895931
1.3121017996 -5.2167734481
2.5559212493 -5.2691282499
3.4119247620 -5.2732411502
4.5075240837 -5.1432017235
6.0590257532 -4.8990247633
6.9004522583 -4.3341847395
8.0487316949 -3.3884212818
8.7747163751 -2.2581638483
9.1741293919 -0.7263562834
8.3186708927 0.4977641420
7.5270199082 1.7202195700
6.7587230152 2.5049278606
5.4267917379 3.1804105274
4.8598318527 3.7639339298
3.7035399158 4.0787128467
3.1030520788 4.5321708147
2.4918119058 4.6173535541
1.6890018130 4.8367291958
0.8800433875 5.1600222855
0.1646099985 5.2589062935
-0.8245659830 5.4521016887
-1.5430115666 5.4767111070
-2.5775279889 5.4263562110
-3.9228566744 5.2900334287
-5.2416632462 5.0811707278
-6.8189932463 4.5791319669
-7.4834195897 3.5946254404
-8.4538937568 2.3648761067
-8.3144036663 1.0980579914
-7.6891182239 -0.2635320147
-7.0209579915 -1.3786773135
-6.2834272227 -2.4094077559
-4.9536119808 -3.0097075463
-4.1644143577 -3.4921084450
-3.3488169820 -4.0050561176
-2.8151256861 -4.2378730993
-1.6683016588 -4.4313857765
-0.7563367206 -4.6408592481
-0.4239133823 -4.8189102482
0.5034799707 -5.0558556170
1.3178134405 -5.2606717379
2.2559560353 -5.2576781244
3.4045560007 -5.2698447773
4.3480940488 -5.2500285313
5.5440543868 -4.8902332262
7.2615265817 -4.3659640588
8.3514284586 -3.4087716732
8.8831922501 -2.2050336448
9.0658944916 -0.8135024819
8.5574742359 0.4895222040
7.4044236848 1.6510178719
6.4945928749 2.4417773564
5.5525984218 3.1710412248
4.7408022248 3.6998237136
3.6787193743 4.0299529970
2.9027977142 4.4300428368
2.2586483156 4.7770924403
1.6411388303 4.8854238132
1.0319896990 5.1608435573
0.1029691876 5.2206605640
-0.9920390664 5.2832126167
-1.7742722986 5.4335123453
-2.9729792232 5.4539059383
-3.9151011924 5.4273837001
-5.2496310597 5.0944063641
-6.5803618489 4.6297447823
-7.6765011927 3.5946591436
-8.2138139278 2.3756967430
-8.1667505680 0.9478177003
-8.1348670916 -0.4116027700
-6.9908585585 -1.4270619688
-5.9148665884 -2.4121884399
-5.0825299756 -2.9605408363
-4.0932895544 -3.4192192878
-3.2286266315 -3.9546348224
-2.4609966316 -4.1731674840
-1.6745319322 -4.5989744110
-1.2180567480 -4.6694879926
-0.2904985030 -5.0017101487
0.4305499499 -5.0005178450
1.2778579046 -5.0926307069
2.3384053364 -5.3448524775
3.2943338869 -5.3120268542
4.3533080968 -5.1710848624
6.0420117571 -4.9023703465
6.8706086033 -4.3674419032
8.1874603583 -3.5536307405
9.2352694930 -2.1946375692
8.9232261399 -0.7755769870
8.5260967545 0.5490493419
7.6010764732 1.6654764732
6.6820515207 2.4805303923
5.3809959625 3.1550523906
4.5807593875 3.7998680498
4.0302774757 4.0181980947
2.8870056960 4.4203043457
2.4727931551 4.6487649574
1.8291623545 4.9474934827
1.0539399437 5.0152487640
-0.0609930258 5.3263478887
-0.9112949052 5.4545101116
-1.6937862759 5.5065090614
-3.0452584963 5.3555063954
-3.7464286411 5.3297675732
-5.0816840048 5.1369680011
-6.4072332063 4.6236607015
-7.9136248729 3.5972605345
-8.3716885366 2.3811359005
-8.3246746164 0.9415500739
-8.0615811560 -0.2450795770
-6.8752685232 -1.4223775888
-5.8257095431 -2.3423875705
-5.0862959991 -3.0263108565
-4.1631472152 -3.5439131191
-3.2241380005 -3.9236185794
-2.5804275290 -4.1630884888
-2.0405905240 -4.4804433133
-0.8971397365 -4.7924608462
-0.0675712067 -4.8957230729
0.7887616477 -5.0289679154
1.4313027106 -5.1952061226
2.4929521744 -5.2241892195
3.2849898014 -5.2569340387
4.6581063683 -5.2230645312
5.9724452168 -4.8188519934
7.2941144115 -4.3988900468
8.2344446516 -3.4539210296
9.1640506358 -2.1867634093
8.7541873260 -0.8986276900
8.6668759546 0.4713639080
7.7320582200 1.7150989350
6.7387896045 2.5136766380
5.6557176056 3.2541202444
4.6780792108 3.6840236788
3.8300866073 4.1627384501
2.9162992039 4.4634662249
2.4666956823 4.7982331860
1.4346635738 4.9970460827
1.0457937878 5.0513833152
0.1600735689 5.2764274476
-0.8887891878 5.4714289587
-1.9784773910 5.4578729499
-2.8869657370 5.5275310478
-3.9721948170 5.4067835039
-5.4808209815 5.0802703245
-6.5752022225 4.6039249027
-7.6698394636 3.5653865262
-8.2647849894 2.4836144690
-8.6424035346 0.9837730737
-7.7967333074 -0.2528512884
-6.7700434217 -1.3566695458
-5.8429503774 -2.4195207778
-4.8792981306 -3.0704123679
-4.0347129992 -3.5865517564
-3.3546244548 -3.8956821759
-2.3237735185 -4.1444041246
-1.7778341789 -4.5597696843
-1.2317520256 -4.8103759771
-0.1362832649 -4.8353435657
0.5740161456 -5.1427602875
1.6646031843 -5.1467558818
2.2136746401 -5.2415364713
3.5694062246 -5.1947206887
4.7723240583 -5.2375334668
5.6864269467 -4.9374914033
6.9855653197 -4.2542099198
8.3627263682 -3.4733933509
8.9418999350 -2.3139790142
8.8477521547 -0.8618103192
8.5371247643 0.4573018205
7.3257561782 1.6875261701
6.6800524574 2.5580030966
5.8551957256 3.1267630679
4.8143469015 3.7432194262
4.0249104063 4.0835368492
3.1473489181 4.5260800192
2.3192873656 4.7396088606
1.4875283469 4.9664143650
0.6798748509 5.0996841137
0.0922157099 5.3270587338
-0.8581125560 5.3406119367
-1.9191197572 5.3830664639
-2.8374979525 5.3734325236
-4.0692788371 5.4513884668
-5.0730121857 4.9954598391
-6.3769472779 4.4655104073
-7.9688139209 3.6323168232
-8.6273041568 2.3398840590
-8.3800541732 1.0370132832
-7.7310410184 -0.2333313372
-6.9160250050 -1.4701688004
-6.2070318321 -2.2838510438
-5.2162793220 -3.0152499378
-4.3711849316 -3.4067444072
-3.5537670368 -3.8692855255
-2.7519438965 -4.3119706259
-2.0440318265 -4.4449489393
-0.8954228444 -4.7462735952
-0.2719284195 -4.8458230281
0.5392699542 -4.9683153908
1.2382864532 -5.2510894736
2.0666571745 -5.2231997377
3.6021703088 -5.2746216813
4.6603462552 -5.1967937168
5.9743425115 -4.7821977193
7.2178270970 -4.3547181707
8.1778490026 -3.5628219138
9.0722846943 -2.1311212545
9.1529597727 -0.7162659443
8.2983447319 0.4681716741
7.3557467998 1.7137501541
6.6814127263 2.5216288569
5.5575167888 3.1134942081
4.9658370269 3.6768869741
4.1405063666 4.0928899766
3.2514712913 4.4361271403
2.4920727110 4.7318486939
1.3671644367 4.8748141896
0.6410241260 5.0417258606
0.0717685105 5.2613192946
-0.6328817282 5.4381905609
-1.8388679051 5.3819366314
-3.0331620680 5.4975646901
-3.8662038703 5.4330105648
-4.9976299266 5.1466539245
-6.6857515393 4.5785406928
-7.7880587663 3.7350332568
-8.2612299190 2.3745408867
-8.3171705390 0.9541627433
-8.0191135691 -0.2780816390
-7.1168562542 -1.3555416176
-5.8454000527 -2.2228752447
-5.0772322070 -2.9932351564
-4.0458591486 -3.5670653294
-3.4584269063 -3.9094490378
-2.5114365385 -4.2980955663
-2.0365683317 -4.4096922372
-1.1047623058 -4.6545353883
-0.0630160457 -4.8743377476
0.4238297487 -5.1443968299
1.4639750918 -5.1554412226
2.3485508693 -5.2559877909
3.3415816474 -5.2409245664
4.7834049693 -5.2375957409
6.0715106175 -4.9121908860
7.2060697447 -4.4470866161
8.3707243319 -3.3666920447
8.7368273562 -2.2696556210
9.0742437978 -0.8281707773
8.2314398260 0.5539918278
7.3399166207 1.6772906455
6.6196302349 2.5146616231
5.5732306341 3.1292427159
4.5444773194 3.7446965446
4.1339160767 4.0975214879
2.8859214122 4.4542911433
2.1900769653 4.7624737649
1.5521579090 4.8391080530
0.9799181789 5.1800305985
-0.1731316309 5.3622346128
-0.7362413814 5.3278963459
-1.6235684267 5.4744072537
-2.8274846612 5.4749935879
-3.9155911556 5.3681660562
-5.4367740344 5.0325600400
-6.6317046907 4.5803448927
-7.9321189241 3.6427216761
-8.5893889709 2.3432436430
-8.2630576841 0.9709725029
-7.6897394376 -0.3471309040
-6.8869925542 -1.4151943006
-6.0819436383 -2.2781085930
-5.3459613947 -3.0498384196
-4.4256929811 -3.5313501301
-3.5070736096 -3.9190924991
-2.6194550194 -4.2718912518
-1.5831838992 -4.5482303468
-1.0736704446 -4.7287655702
-0.2823847580 -4.8356542756
0.7656474552 -4.9730513592
1.5327473798 -5.1207542854
2.1009732410 -5.3287874511
3.5061076812 -5.1662578931
4.2662463314 -5.2301935612
5.8748962021 -4.9612455504
6.9140603271 -4.2550492073
8.4228881515 -3.4992844886
8.9834897380 -2.2419233311
8.8163463873 -0.7498176008
8.1890827037 0.4418524022
7.5553249352 1.5872571664
6.8382656918 2.4824856804
5.5948521297 3.2420643373
4.9702209303 3.7820877187
4.0470981810 4.1750987052
2.9013025449 4.4426874998
2.3801816772 4.7987964063
1.3353306450 5.0224681359
0.8088034647 5.1228630303
0.2455294677 5.1796325308
-1.0744231381 5.3206248234
-1.5208823570 5.5328512640
-2.7815519295 5.4625452037
-3.8314061627 5.4014995042
-5.0311022285 5.0823554511
-6.4891333458 4.6285113466
-7.9871944839 3.7191513114
-8.2628757993 2.3595502624
-8.3598111330 1.0089108762
-8.0700962158 -0.4160849051
-6.9836767742 -1.3896506597
-6.0186966998 -2.4127384529
-5.3473971001 -2.9277423631
-4.0338102226 -3.5701672053
-3.4101946488 -3.8321306020
-2.6366757772 -4.2707205228
-1.5666466838 -4.4374340898
-1.1346425109 -4.7108536049
-0.2368015111 -4.9552846797
0.5246261595 -4.9941259638
1.6487633684 -5.0999014743
2.3278991115 -5.2835333327
3.3519227551 -5.2029662989
4.6753054572 -5.1652121811
5.9584064995 -4.8237441729
7.1239870527 -4.3663247611
8.3407538503 -3.5110092670
8.9323477313 -2.2721312051
9.0122633516 -0.7723617331
8.4064974428 0.5659947829
7.7695632224 1.6212302339
6.5017577412 2.5523819479
5.5271805702 3.2029936699
4.7260995590 3.7692192354
3.9240046969 4.1703184544
2.8524390289 4.3420350840
2.5446327618 4.7290553070
1.7943479051 4.9331155310
0.9695326210 5.0832831011
-0.0696843002 5.3497101572
-1.0872963958 5.4202365035
-1.5679480533 5.4422186491
-2.9317806957 5.4570851551
-4.0865408239 5.2783187477
-5.4885105134 5.1307150417
-6.5231963451 4.4855658886
-7.7367472199 3.5910622214
-8.6249746072 2.4222375926
-8.5104774077 0.9897407610
-7.9737302903 -0.2783607410
-6.7972252375 -1.4049331039
-6.1214469047 -2.2732650623
-4.8660007219 -3.0175056586
-4.3252636686 -3.4774927019
-3.4812199210 -3.9117262013
-2.6636188315 -4.2402008069
-1.7608086017 -4.6000935133
-0.9839230525 -4.6925741062
-0.4191206562 -4.9306845716
0.6469692800 -4.9782302798
1.6327070123 -5.1254480848
2.4887092804 -5.2016148965
3.5317018898 -5.2512914685
4.6164085453 -5.1154978656
6.0308392467 -4.7867792740
7.0960013117 -4.3435380905
8.5421612076 -3.5555215413
8.8422056922 -2.2550024161
9.0957194570 -0.8132770785
8.3871792135 0.6273101968
7.7173413924 1.5721207701
6.6910853724 2.5529131284
5.8184942828 3.1984762987
4.5620070076 3.7138812944
3.9280716752 4.0947534345
3.0283521782 4.5313060095
2.2750314333 4.6527850285
1.4475249016 5.0277198630
0.7831545107 5.1016576857
0.1487350854 5.1762425062
-0.7683986118 5.4183967842
-1.9034729818 5.4014200937
-2.8404193912 5.5053588055
-3.7276422481 5.3792777719
-5.5289836699 5.1330656454
-6.8250945319 4.5276209749
-8.0000269558 3.6762265722
-8.2282896580 2.4439465873
-8.2011765163 1.0066532664
-7.9275613394 -0.2822234333
-6.9044311190 -1.4816074598
-6.0139457391 -2.3903323125
-5.1160673565 -3.0414227048
-3.9673965841 -3.5276978708
-3.3178175682 -3.9214105570
-2.7937878246 -4.3302446519
-1.6833301762 -4.4849859481
-1.0286673393 -4.7503005886
-0.3451201008 -4.8755193658
0.6077394792 -5.0342345521
1.2923752125 -5.0888279953
2.3728742656 -5.3074315769
3.3560108443 -5.1774905795
4.4594444861 -5.2397893375
5.6565507564 -4.7833252048
6.9405185979 -4.3444830284
8.1943026787 -3.4867101033
8.9571686131 -2.2475209845
8.8485601869 -0.8000814476
8.4633578438 0.5265381281
7.5534089315 1.5800686976
6.7834625818 2.4558819660
5.6140845009 3.1138290098
4.9376513347 3.6773136683
3.8901268057 4.0574157567
3.3206413640 4.5273705070
2.5126220784 4.8021879289
1.5454292526 4.9562449687
1.0318712710 5.0384303521
0.2763883994 5.1745292899
-0.7272829112 5.3729183450
-1.6703856487 5.3648192033
-2.9424989988 5.3889692088
-4.2296198388 5.3473499701
-5.4965542078 5.1251905311
-6.6556893412 4.6010601932
-7.9289015026 3.6068765282
-8.5996677707 2.3997766569
-8.7005651346 1.0758385761
-8.0807804465 -0.2770014037
-7.0865070938 -1.5354539556
-5.8498768206 -2.3425496193
-4.8855777183 -3.0398842230
-4.1407955076 -3.4860768425
-3.5537362698 -3.8791117362
-2.3639078598 -4.1490278269
-1.9784862504 -4.5238538955
-0.9402817696 -4.7480323613
-0.1452617975 -4.9985336691
0.6785290710 -5.1275217159
1.3619807906 -5.2541700036
2.3140982513 -5.1661218478
3.5150066217 -5.2563177360
4.3112883016 -5.0861188151
5.5831474749 -4.8684903218
7.3495015354 -4.3388503316
8.0813484664 -3.3755618242
8.8691228908 -2.2172921021
8.8093794587 -0.8702889042
8.4131860611 0.4690022175
7.4712948353 1.6502338775
6.7446206436 2.4724302752
5.3774138821 3.2545305555
4.6983391926 3.6628121421
3.8183149241 4.0240081036
2.8541965366 4.4439620833
2.4595319027 4.7853826756
1.7775895111 5.0115806671
0.6743901813 5.1114647793
0.2240517120 5.2642904666
-0.6367210952 5.3375946882
-1.8734034605 5.4408475167
-2.6643811536 5.4621436658
-3.9430299063 5.2983095311
-5.4377797343 5.0792802839
-6.4583687246 4.5239620167
-7.7154869479 3.7554938839
-8.3671134051 2.5235811931
-8.1707572489 1.0411518592
-7.8593615021 -0.3472472342
-7.0786013071 -1.3497154813
-5.8098354375 -2.2618141229
-4.8531584109 -2.9104694102
-4.3237380505 -3.4460142945
-3.4101130799 -3.9522657020
-2.6336386550 -4.3270887949
-1.5840602881 -4.5922125936
-1.1901540657 -4.6396498464
-0.2236467940 -4.9473208379
0.5822888460 -5.1524516666
1.3429487345 -5.1899371786
2.4801467582 -5.2515713196
3.1654192476 -5.1937650006
4.7137418327 -5.2446756679
5.8868895493 -4.8279904190
7.2742139385 -4.4019102525
8.3125348043 -3.5279873450
9.1695088839 -2.1701347906
8.9097223175 -0.7684044770
8.6616873208 0.5705643879
7.5221674364 1.5750173045
6.5572138585 2.5380642474
5.7050491156 3.0952103289
4.8315227722 3.6772385263
4.0565651521 4.1114840554
2.8943278026 4.3556986951
2.4706588310 4.7841891588
1.4477971842 4.8839427234
1.0138988297 5.0735774715
-0.0323154687 5.2101759963
-0.9151955631 5.3292917254
-1.9291766012 5.4038589300
-2.6464827005 5.3783818542
-3.8190134845 5.4384330193
-5.3467244707 5.0390227981
-6.3617312740 4.4708453877
-7.5833814380 3.6110241452
-8.4168157708 2.4352786873
-8.5681508863 0.9620308460
-8.0554350919 -0.3389293609
-7.1808297490 -1.4710915297
-6.1523137646 -2.3882704097
-4.9913909768 -2.9435792248
-4.0762584849 -3.5811153044
-3.1184064358 -3.9251184529
-2.5984288211 -4.3293718485
-1.6786483414 -4.4287767241
-0.8836204108 -4.6570397705
-0.2725080948 -4.9176428469
0.5309173506 -4.9970641768
1.6339648604 -5.1805065876
2.3560136632 -5.3380482223
3.1053672742 -5.2534988933
4.5183300450 -5.0966816327
5.5555165277 -4.8140880291
7.2767356727 -4.2547977131
8.3252956357 -3.4774978985
8.7098347548 -2.2287728610
9.2015199682 -0.8209000170
8.5192043998 0.5755045951
7.8255073312 1.7454737883
6.7389303303 2.5016381202
5.7204003873 3.2266983018
4.8071738412 3.7885552982
3.7258578424 4.1141076259
3.2350457695 4.5179742990
2.5852135393 4.6953750338
1.7404676375 4.8960242564
0.6688936576 5.0287127879
0.2760033405 5.2858672608
-0.8113795530 5.3147736673
-1.6239460402 5.3894120330
-2.9316096571 5.4968222321
-4.1604404563 5.4004959111
-5.1116398568 5.0907189932
-6.4293503579 4.5442333880
-7.4898295650 3.7638144316
-8.5300298667 2.4482494144
-8.6185886197 1.0113118405
-7.9295230663 -0.4089600636
-7.2675674936 -1.4503104782
-6.1531051093 -2.3913677929
-5.2217821062 -3.0383736154
-4.4236196154 -3.4699955859
-3.3427540643 -3.9067726832
-2.4671514564 -4.2994218680
-1.9626983488 -4.5866204888
-0.7525386888 -4.7136276613
-0.1704361999 -4.8537561898
0.5923183395 -5.1336912222
1.3543584663 -5.2076338546
2.3117145042 -5.2813982814
3.1590446048 -5.2100381085
4.6932545555 -5.1320661431
5.9603564382 -4.9595716719
7.2702001014 -4.2675071235
8.4518179503 -3.4413732157
9.0128814047 -2.3170953641
8.9475112506 -0.8032833953
8.6577584344 0.5127058480
7.6818361600 1.5630312820
6.6759867366 2.5138554186
5.7293663560 3.2598584568
4.7306202723 3.7673767305
3.9163047955 4.0185192075
2.9954601292 4.4621164253
2.0885651417 4.7738324426
1.8248014142 4.8981429612
0.7628314429 5.2120426422
0.1895951205 5.3506978061
-0.8708484364 5.4416854123
-1.8200803156 5.4565647076
-2.7350004691 5.5025776605
-3.7775090805 5.3075307326
-5.0655739825 5.0038485193
-6.3279457670 4.6009468946
-7.9540725471 3.7483089396
-8.5625886297 2.3625717711
-8.3590264980 1.0226130625
-7.6951762210 -0.2968843473
-6.7663892921 -1.3746255291
-6.2483185084 -2.2623449884
-4.8120395689 -3.0595444716
-3.9070995715 -3.4304163409
-3.5687720147 -3.8260881785
-2.7543674947 -4.2326003224
-1.7874654899 -4.4589174880
-1.2354292183 -4.7112878851
-0.3794951962 -4.9505498812
0.4332309938 -5.1335611465
1.1957396465 -5.2810060033
2.3884102624 -5.2378058298
3.1598437386 -5.3238957273
4.7081735959 -5.1052423003
5.5503669902 -4.7817476777
6.9877158415 -4.4130657911
8.1779579731 -3.5262961801
9.1257543529 -2.1708121189
9.0303250243 -0.8451148496
8.2445594357 0.5326165433
7.6586470857 1.7301747881
6.5914917929 2.4381500628
5.6190196494 3.1318545118
4.9390889552 3.7355819652
3.6397741578 4.1376405836
2.9236868942 4.3402777073
2.3622740991 4.6490116678
1.7011048791 4.8993584538
0.7508137902 5.1707138828
-0.2571558371 5.2380105965
-0.9786972045 5.4178999686
-2.0358896518 5.5397879415
-2.5777042374 5.4393136767
-4.1078380925 5.3313876556
-5.2944279079 5.1467371456
-6.7113970078 4.5065248108
-7.6511533517 3.7381624137
-8.6523922922 2.3294450961
-8.3264695512 1.0465238238
-7.9140640479 -0.3717719080
-7.1341898218 -1.5082172602
-6.0235717886 -2.2730062499
-5.2281130203 -3.0171833207
-3.9707480115 -3.4533382815
-3.5841135442 -3.8987531051
-2.5659055538 -4.1526203619
-1.9186587166 -4.4079659800
-1.0871723788 -4.6359345312
-0.5021472909 -4.8578951840
0.6792218656 -5.0414307007
1.2207051179 -5.1043284103
2.2309785626 -5.2785148564
3.1534475717 -5.3239293664
4.4539399454 -5.1912933933
5.9519552717 -4.7904523716
7.0472953974 -4.4385523425
8.0251628186 -3.5097520450
9.1114869114 -2.2506662401
8.7702009768 -0.7520191252
8.6020707206 0.4731982652
7.5954823203 1.6109771842
6.5336207978 2.4788499079
5.8555353897 3.2215142268
4.9988444803 3.7712506266
3.6334886904 4.0417034993
3.3630419588 4.4507820015
2.2898513406 4.7900238639
1.6630575207 5.0222403203
0.5737686526 5.1872844264
0.0326746635 5.1940216341
-0.9390273304 5.4432734628
-1.5694759181 5.4078209988
-2.8975183490 5.4037680186
-4.1231842472 5.4206048614
-5.2737010700 5.1466827048
-6.5576780715 4.6137631384
-7.7736513838 3.6544810496
-8.1880024387 2.4421879792
-8.6580679765 0.9449259723
-7.7769748144 -0.3079626465
-6.7418798042 -1.3866162422
-6.2679942925 -2.3690220380
-5.2266921501 -2.8939528709
-4.0011553376 -3.4920380091
-3.4508874218 -4.0122324340
-2.7550633884 -4.1585705956
-1.5065290438 -4.4205198157
-0.9234079931 -4.7661889993
-0.5190692249 -4.9931015314
0.8178559439 -5.1493547947
1.3678737027 -5.0853556977
2.4706705247 -5.2779318081
3.5264732503 -5.3454796895
4.7162077318 -5.0945570912
5.8013043303 -4.9642483053
7.0352840228 -4.2650970954
8.3422906546 -3.4304043362
9.0929569718 -2.1812416460
8.9811138271 -0.8600989499
8.4129566601 0.5981625798
7.6491828369 1.7455236337
6.3826669143 2.4404196680
5.8318671519 3.2194256936
4.7131150301 3.6094094892
3.8812020875 4.0920692343
3.3151514487 4.5310753942
2.4827940569 4.6635799026
1.6148241647 4.9181753093
0.8096545581 5.1270108720
0.0015619818 5.1900369018
-0.5852617500 5.4620877240
-1.6742095403 5.5422105353
-2.5737632929 5.4704410058
-4.0920016821 5.3266614838
-5.0464319636 5.0647162709
-6.6370939959 4.5996891022
-7.6585081183 3.6261043020
-8.4839177144 2.5102407202
-8.2096668507 0.9203430073
-7.8759868447 -0.3447987562
-6.8937319504 -1.4227213100
-6.2521764673 -2.4201148362
-5.1514629617 -2.9639572251
-4.2113974385 -3.6023892892
-3.5929406838 -3.9027491080
-2.7506457319 -4.1575536828
-1.5821462485 -4.4699019280
-0.8292912673 -4.7458644966
-0.3741263468 -4.9806976275
0.4333050904 -5.1559978175
1.3371615188 -5.2763078140
2.4368600641 -5.2380941460
3.1477521417 -5.3109310450
4.6604177251 -5.0677153375
5.6929304463 -4.9143736623
7.3944075913 -4.3926481130
8.3510872094 -3.4069325472
8.8418150720 -2.2784758152
9.0856918732 -0.8040816760
8.4924338402 0.6035652361
7.3600726714 1.6825834669
6.4978098414 2.5234384474
5.3742860246 3.1233721884
4.9235864087 3.7066189761
4.0759564096 4.1074532721
3.2774749902 4.4893171180
2.2972862476 4.6210987263
1.5821329906 4.9469271626
1.0515523888 5.1805640923
-0.1811347804 5.2904763679
-0.8861757388 5.4565655779
-1.7059275673 5.3675696481
-3.0853374610 5.4696195264
-3.7613162295 5.3847656188
-5.2573821657 5.1810841968
-6.6840967460 4.4783258034
-7.7973916083 3.6305470013
-8.4722734634 2.4391749464
-8.3001374943 0.9687345025
-7.6114460412 -0.3420594170
-6.8832742456 -1.4094639994
-5.8931603042 -2.3267157662
-4.8099214513 -3.0637210340
-4.3459702054 -3.4268035750
-3.2708859088 -3.8961795406
-2.6361671892 -4.2797324977
-1.5841202623 -4.6067237613
-1.1832852470 -4.7610011192
-0.1354876647 -4.8747599802
0.5252482177 -5.0929582778
1.1539319420 -5.0933977715
2.0556126771 -5.3334141074
3.1609585918 -5.2781316579
4.5025937480 -5.1809514502
5.9268277232 -4.7894535750
7.3643811807 -4.2709444298
8.2348221156 -3.4261991395
8.7382047779 -2.1769644730
9.0908533759 -0.7426278021
8.2323247181 0.4890606113
7.7129359587 1.6735877772
6.6327115993 2.6122237406
5.8378066505 3.2381434613
4.7710792370 3.7974448258
4.0934687017 4.1473118291
3.0435013905 4.3504425998
2.3555477106 4.6488178611
1.5697409648 4.8303794041
0.9016752323 5.1159248321
0.2153454166 5.2545715872
-0.8267611420 5.3731380353
-1.5166523245 5.5492613010
-2.5807739232 5.4267955826
-4.0223401654 5.3625457521
-5.2698299270 5.0196752359
-6.3793773711 4.4668768604
-7.8430211357 3.6756415109
-8.4666459730 2.4154970441
-8.4250313342 0.9403307798
-7.9577991135 -0.2570438513
-7.0544983312 -1.5204815398
-5.8889648128 -2.2535979738
-4.8179469115 -3.0204137212
-4.3782348784 -3.4478986677
-3.3869309082 -3.8418252979
-2.4113147923 -4.2058862485
-1.9459252288 -4.4332739794
-0.8609259003 -4.7492843307
-0.2148317898 -4.8631787214
0.7139896966 -5.0408264426
1.2223051307 -5.2083241943
2.5495208416 -5.2310673253
3.1281761889 -5.3212738128
4.3554348881 -5.1238694821
5.6096913334 -4.9068798169
7.0987015727 -4.3728347068
8.3203545983 -3.4322353843
8.7241977416 -2.2596812542
8.9989309265 -0.8696946388
8.3450763135 0.5901616364
7.4254783731 1.6199557600
6.4334315661 2.4771907580
5.4942546833 3.1249199349
4.7061266362 3.6076814607
3.9880254303 4.1445032170
3.0863766313 4.4610360506
2.3301421099 4.7819556833
1.8310563470 4.8364107247
0.8761068267 5.2137919758
-0.1700542514 5.1889274129
-0.7282497485 5.3571521709
-1.5930536249 5.5464972038
-2.7908841295 5.5009983036
-3.7774942341 5.3929268642
-5.0267149130 5.1770147503
-6.4441823491 4.4725418093
-7.8943401682 3.6051880684
-8.5723634121 2.4216518404
-8.7100925565 0.9481403618
-7.7782625055 -0.3228188412
-6.9819906735 -1.5037383095
-5.8151284044 -2.2910729660
-5.2967942268 -3.0427762169
-4.4474085190 -3.5440760060
-3.2701863043 -3.9744046666
-2.6956243117 -4.2872918226
-1.9299756552 -4.6034205232
-1.1078987977 -4.6401275095
-0.4812503213 -4.8914088971
0.5682193467 -5.1594350179
1.6551662031 -5.2350965985
2.0619826054 -5.1785378573
3.2539159483 -5.1784846340
4.3818202231 -5.0609875547
5.6532731772 -4.9674365364
6.8916215820 -4.3409713596
8.1590264283 -3.5493861976
8.9774268970 -2.2013975980
8.8899048592 -0.8979273668
8.4923350350 0.4660706139
7.4160108775 1.5911618467
6.5161013723 2.4544543666
5.3949772691 3.1348059860
4.8101437023 3.7721749372
3.8854903084 4.0705682711
2.9398637691 4.5240684102
2.2093329387 4.6487129678
1.5072491699 4.8822017211
0.8539274711 5.0834757990
0.1264167002 5.3373389771
-0.9118282360 5.4098828896
-1.9972970658 5.3510365683
-2.6908040507 5.5014152495
-4.1848207289 5.2854050380
-5.1936162279 5.0550971018
-6.5503172139 4.6293953064
-7.7173425805 3.6281855487
-8.4791684318 2.4930591580
-8.4873115270 0.9588089919
-7.6491162807 -0.2403404418
-7.0252897851 -1.4494405825
-6.1000108300 -2.3214389641
-5.2742121579 -3.0519088081
-3.9622795722 -3.4798492539
-3.5127840733 -3.8728579842
-2.4949099095 -4.3322176456
-1.5240456308 -4.5614454576
-0.8016952942 -4.6713363866
-0.4479354408 -4.9910550877
0.5166562059 -5.0825794382
1.6181231377 -5.2278840895
2.2813676203 -5.2774157756
3.1245478406 -5.1912353372
4.2780211538 -5.1993642478
5.8845745930 -4.8624421551
6.8931246467 -4.3148820126
8.3441380577 -3.5310765484
8.8615185609 -2.2521327575
9.0943719726 -0.8794869988
8.5803947610 0.5796130167
7.4113625287 1.6655169331
6.7906053806 2.5584033060
5.8510671639 3.1785498513
4.9987283435 3.6378678790
3.9673646730 4.0361188991
3.2028467496 4.3826007123
2.1653904227 4.6077586633
1.7481495495 4.8607447739
0.6100267851 5.0832492263
-0.1694607852 5.2084582502
-0.9979612774 5.3581880889
-1.8919293663 5.5016526852
-2.9313718300 5.5506989324
-3.7232575551 5.4232694319
-5.2694492454 5.1666127812
-6.3025708226 4.4562354047
-7.9252190817 3.6825936762
-8.6507466398 2.4833754977
-8.2041053392 1.0358841040
-7.7173423883 -0.2793573085
-7.1648652178 -1.3649299514
-6.0615190583 -2.3482056327
-5.3279888117 -2.9892438616
-4.0521496892 -3.4915928725
-3.1066703597 -3.8586178180
-2.7710739412 -4.1798281349
-1.6680022550 -4.4079374965
-0.8458242614 -4.8115257693
-0.2644798230 -4.8525388725
0.5021152782 -5.1143766483
1.5328505446 -5.2011186783
2.1646575686 -5.2404468346
3.3524212645 -5.2270993874
4.3722278376 -5.1588669301
5.6465769053 -4.9186370912
7.1929812890 -4.3792701310
8.2942700494 -3.4695968591
9.1346652136 -2.2903854065
8.9458891584 -0.7576938874
8.2693613429 0.4748251715
7.8175356208 1.6663131750
6.3118668380 2.5806534509
5.6652843672 3.1438031893
4.8960465409 3.7922872047
3.8165538697 4.1991050888
3.1598324628 4.4613085149
2.3062141203 4.7512874624
1.4397880124 4.8818073356
0.8001538185 5.0253705354
0.1777409083 5.2888573902
-0.8890836364 5.2893451148
-1.8516252041 5.4683002174
-2.9510770730 5.4369306422
-4.1136600546 5.4008457328
-5.3134280488 5.0247049385
-6.3102540400 4.4869528084
-7.9639595596 3.7541292425
-8.3143842138 2.4092113870
-8.5744329526 0.9910661401
-7.7172410372 -0.3200310581
-7.1579511708 -1.3997062196
-5.9019843035 -2.4161623559
-4.8169283064 -2.9100243256
-3.9265450414 -3.5639598757
-3.3475016146 -3.9767598782
-2.7571537912 -4.1976199262
-2.0019650577 -4.5883003899
-1.2748384721 -4.7850195324
-0.4885243133 -4.9859623237
0.5681186418 -5.1453087161
1.3919177956 -5.1567128980
2.5189586478 -5.1640434787
3.4470788303 -5.1826801370
4.3405707573 -5.2134514358
5.7446781449 -4.9227142786
6.9786325272 -4.4334652281
8.4753277071 -3.3885216287
9.1785394195 -2.1307687153
9.1602491131 -0.8277043841
8.4605260272 0.5806947704
7.8236447906 1.6321732590
6.8050233217 2.5679336915
5.7654742534 3.1682990033
4.7160822047 3.6135066504
4.0852733250 4.0830107861
3.1022167197 4.4740751264
2.3165947503 4.7192588348
1.6761005336 4.9149364152
0.9348513819 5.1884907775
0.0148515390 5.1867428834
-1.0297265611 5.3441322537
-1.9789345190 5.5409271742
-2.7934832285 5.4823034141
-3.9640703755 5.3543520970
-5.1003465539 5.0061716952
-6.6991768818 4.5794192228
-7.7272025824 3.6377308306
-8.1696833797 2.3993276492
-8.2681913120 1.0792209937
-8.0851328597 -0.3124809974
-6.9418861333 -1.4268572111
-6.0467989122 -2.2906798852
-5.3401290268 -3.0546940162
-3.9724952385 -3.4297247218
-3.5601261707 -3.9034990854
-2.5164785003 -4.2773368638
-2.0100676250 -4.5262865458
-0.7692814730 -4.7683852477
-0.3887217856 -4.9464444469
0.7373271848 -4.9838578631
1.3914753773 -5.1751957808
2.2881662242 -5.3062030296
3.3991167758 -5.2156599163
4.6226837786 -5.2079648509
5.5927464934 -4.8798295386
7.2695988387 -4.3528810053
8.2755727147 -3.3676520164
8.9856210052 -2.3292266568
9.0440621021 -0.7515119427
8.4367211956 0.6173961817
7.6055810500 1.6930065651
6.3471652407 2.5774393837
5.3743488362 3.2192520144
4.7222302788 3.7818048568
3.7780629406 4.0957400781
2.8375047681 4.3919278603
2.4874512474 4.6515146097
1.5736739350 5.0213526807
0.5361883143 5.1276316072
-0.0265837385 5.2839896850
-0.8793368376 5.4428018509
-1.7788380746 5.3637880585
-3.0727134264 5.4210807281
-4.2417845848 5.3359255326
-5.3708621178 5.0663393480
-6.8201071717 4.5336483269
-7.6090024184 3.6962174799
-8.2297594829 2.5253445237
-8.4157283838 1.0222366449
-7.6895722236 -0.4092623424
-7.2111409314 -1.3879217292
-6.0592007265 -2.4101256928
-5.0107380766 -2.9460832219
-4.2242611921 -3.5117934125
-3.2443475146 -3.9479586573
-2.7727165686 -4.1695036589
-1.5712468609 -4.4559367140
-1.0657034795 -4.6445494150
-0.2209953686 -4.8322232687
0.5775153939 -5.0095292856
1.2375249327 -5.2578556422
2.2522144954 -5.1904960798
3.1339899581 -5.2575003869
4.6909095467 -5.1509434807
5.8955613922 -4.7903451843
7.0070759008 -4.3489218036
8.0443504128 -3.3689862325
8.9716323418 -2.1647806108
9.2140576958 -0.8004088494
8.2650104203 0.4815253159
7.4428885453 1.7400678575
6.4247139453 2.4697423555
5.3878942678 3.2093618833
4.9504022444 3.6252751146
3.8107704180 4.1143464004
3.1430394260 4.4397434590
2.1155106197 4.7990412498
1.5303597535 4.9383501060
0.9255607741 5.1089959534
0.0084060532 5.2035755038
-0.8642539269 5.3081966891
-1.6822692828 5.3862999793
-2.8267640142 5.4843130218
-3.7971340199 5.4039676463
