9.0000000000 4.0000000000
8.9800000000 4.0000000000
8.9600000000 4.0000000000
8.9400000000 4.0000000000
8.9200000000 4.0000000000
8.9000000000 4.0000000000
8.8800000000 4.0000000000
8.8600000000 4.0000000000
8.8400000000 4.0000000000
8.8200000000 4.0000000000
8.8000000000 4.0000000000
8.7800000000 4.0000000000
8.7600000000 4.0000000000
8.7400000000 4.0000000000
8.7200000000 4.0000000000
8.7000000000 4.0000000000
8.6800000000 4.0000000000
8.6600000000 4.0000000000
8.6400000000 4.0000000000
8.6200000000 4.0000000000
8.6000000000 4.0000000000
8.5800000000 4.0000000000
8.5600000000 4.0000000000
8.5400000000 4.0000000000
8.5200000000 4.0000000000
8.5000000000 4.0000000000
8.4800000000 4.0000000000
8.4600000000 4.0000000000
8.4400000000 4.0000000000
8.4200000000 4.0000000000
8.4000000000 4.0000000000
8.3800000000 4.0000000000
8.3600000000 4.0000000000
8.3400000000 4.0000000000
8.3200000000 4.0000000000
8.3000000000 4.0000000000
8.2800000000 4.0000000000
8.2600000000 4.0000000000
8.2400000000 4.0000000000
8.2200000000 4.0000000000
8.2000000000 4.0000000000
8.1800000000 4.0000000000
8.1600000000 4.0000000000
8.1400000000 4.0000000000
8.1200000000 4.0000000000
8.1000000000 4.0000000000
8.0800000000 4.0000000000
8.0600000000 4.0000000000
8.0400000000 4.0000000000
8.0200000000 4.0000000000
8.0000000000 4.0000000000
7.9800000000 4.0000000000
7.9600000000 4.0000000000
7.9400000000 4.0000000000
7.9200000000 4.0000000000
7.9000000000 4.0000000000
7.8800000000 4.0000000000
7.8600000000 4.0000000000
7.8400000000 4.0000000000
7.8200000000 4.0000000000
7.8000000000 4.0000000000
7.7800000000 4.0000000000
7.7600000000 4.0000000000
7.7400000000 4.0000000000
7.7200000000 4.0000000000
7.7000000000 4.0000000000
7.6800000000 4.0000000000
7.6600000000 4.0000000000
7.6400000000 4.0000000000
7.6200000000 4.0000000000
7.6000000000 4.0000000000
7.5800000000 4.0000000000
7.5600000000 4.0000000000
7.5400000000 4.0000000000
7.5200000000 4.0000000000
7.5000000000 4.0000000000
7.4800000000 4.0000000000
7.4600000000 4.0000000000
7.4400000000 4.0000000000
7.4200000000 4.0000000000
7.4000000000 4.0000000000
7.3800000000 4.0000000000
7.3600000000 4.0000000000
7.3400000000 4.0000000000
7.3200000000 4.0000000000
7.3000000000 4.0000000000
7.2800000000 4.0000000000
7.2600000000 4.0000000000
7.2400000000 4.0000000000
7.2200000000 4.0000000000
7.2000000000 4.0000000000
7.1800000000 4.0000000000
7.1600000000 4.0000000000
7.1400000000 4.0000000000
7.1200000000 4.0000000000
7.1000000000 4.0000000000
7.0800000000 4.0000000000
7.0600000000 4.0000000000
7.0400000000 4.0000000000
7.0200000000 4.0000000000
7.0000000000 4.0000000000
7.0000000000 4.0000000000
7.0100000000 4.0173205081
7.0200000000 4.0346410162
7.0300000000 4.0519615242
7.0400000000 4.0692820323
7.0500000000 4.0866025404
7.0600000000 4.1039230485
7.0700000000 4.1212435565
7.0800000000 4.1385640646
7.0900000000 4.1558845727
7.1000000000 4.1732050808
7.1100000000 4.1905255888
7.1200000000 4.2078460969
7.1300000000 4.2251666050
7.1400000000 4.2424871131
7.1500000000 4.2598076211
7.1600000000 4.2771281292
7.1700000000 4.2944486373
7.1800000000 4.3117691454
7.1900000000 4.3290896534
7.2000000000 4.3464101615
7.2100000000 4.3637306696
7.2200000000 4.3810511777
7.2300000000 4.3983716857
7.2400000000 4.4156921938
7.2500000000 4.4330127019
7.2600000000 4.4503332100
7.2700000000 4.4676537180
7.2800000000 4.4849742261
7.2900000000 4.5022947342
7.3000000000 4.5196152423
7.3100000000 4.5369357503
7.3200000000 4.5542562584
7.3300000000 4.5715767665
7.3400000000 4.5888972746
7.3500000000 4.6062177826
7.3600000000 4.6235382907
7.3700000000 4.6408587988
7.3800000000 4.6581793069
7.3900000000 4.6754998150
7.4000000000 4.6928203230
7.4100000000 4.7101408311
7.4200000000 4.7274613392
7.4300000000 4.7447818473
7.4400000000 4.7621023553
7.4500000000 4.7794228634
7.4600000000 4.7967433715
7.4700000000 4.8140638796
7.4800000000 4.8313843876
7.4900000000 4.8487048957
7.5000000000 4.8660254038
7.5100000000 4.8833459119
7.5200000000 4.9006664199
7.5300000000 4.9179869280
7.5400000000 4.9353074361
7.5500000000 4.9526279442
7.5600000000 4.9699484522
7.5700000000 4.9872689603
7.5800000000 5.0045894684
7.5900000000 5.0219099765
7.6000000000 5.0392304845
7.6100000000 5.0565509926
7.6200000000 5.0738715007
7.6300000000 5.0911920088
7.6400000000 5.1085125168
7.6500000000 5.1258330249
7.6600000000 5.1431535330
7.6700000000 5.1604740411
7.6800000000 5.1777945491
7.6900000000 5.1951150572
7.7000000000 5.2124355653
7.7100000000 5.2297560734
7.7200000000 5.2470765814
7.7300000000 5.2643970895
7.7400000000 5.2817175976
7.7500000000 5.2990381057
7.7600000000 5.3163586138
7.7700000000 5.3336791218
7.7800000000 5.3509996299
7.7900000000 5.3683201380
7.8000000000 5.3856406461
7.8100000000 5.4029611541
7.8200000000 5.4202816622
7.8300000000 5.4376021703
7.8400000000 5.4549226784
7.8500000000 5.4722431864
7.8600000000 5.4895636945
7.8700000000 5.5068842026
7.8800000000 5.5242047107
7.8900000000 5.5415252187
7.9000000000 5.5588457268
7.9100000000 5.5761662349
7.9200000000 5.5934867430
7.9300000000 5.6108072510
7.9400000000 5.6281277591
7.9500000000 5.6454482672
7.9600000000 5.6627687753
7.9700000000 5.6800892833
7.9800000000 5.6974097914
7.9900000000 5.7147302995
8.0000000000 5.7320508076
8.0000000000 5.7320508076
8.0100000000 5.7147302995
8.0200000000 5.6974097914
8.0300000000 5.6800892833
8.0400000000 5.6627687753
8.0500000000 5.6454482672
8.0600000000 5.6281277591
8.0700000000 5.6108072510
8.0800000000 5.5934867430
8.0900000000 5.5761662349
8.1000000000 5.5588457268
8.1100000000 5.5415252187
8.1200000000 5.5242047107
8.1300000000 5.5068842026
8.1400000000 5.4895636945
8.1500000000 5.4722431864
8.1600000000 5.4549226784
8.1700000000 5.4376021703
8.1800000000 5.4202816622
8.1900000000 5.4029611541
8.2000000000 5.3856406461
8.2100000000 5.3683201380
8.2200000000 5.3509996299
8.2300000000 5.3336791218
8.2400000000 5.3163586138
8.2500000000 5.2990381057
8.2600000000 5.2817175976
8.2700000000 5.2643970895
8.2800000000 5.2470765814
8.2900000000 5.2297560734
8.3000000000 5.2124355653
8.3100000000 5.1951150572
8.3200000000 5.1777945491
8.3300000000 5.1604740411
8.3400000000 5.1431535330
8.3500000000 5.1258330249
8.3600000000 5.1085125168
8.3700000000 5.0911920088
8.3800000000 5.0738715007
8.3900000000 5.0565509926
8.4000000000 5.0392304845
8.4100000000 5.0219099765
8.4200000000 5.0045894684
8.4300000000 4.9872689603
8.4400000000 4.9699484522
8.4500000000 4.9526279442
8.4600000000 4.9353074361
8.4700000000 4.9179869280
8.4800000000 4.9006664199
8.4900000000 4.8833459119
8.5000000000 4.8660254038
8.5100000000 4.8487048957
8.5200000000 4.8313843876
8.5300000000 4.8140638796
8.5400000000 4.7967433715
8.5500000000 4.7794228634
8.5600000000 4.7621023553
8.5700000000 4.7447818473
8.5800000000 4.7274613392
8.5900000000 4.7101408311
8.6000000000 4.6928203230
8.6100000000 4.6754998150
8.6200000000 4.6581793069
8.6300000000 4.6408587988
8.6400000000 4.6235382907
8.6500000000 4.6062177826
8.6600000000 4.5888972746
8.6700000000 4.5715767665
8.6800000000 4.5542562584
8.6900000000 4.5369357503
8.7000000000 4.5196152423
8.7100000000 4.5022947342
8.7200000000 4.4849742261
8.7300000000 4.4676537180
8.7400000000 4.4503332100
8.7500000000 4.4330127019
8.7600000000 4.4156921938
8.7700000000 4.3983716857
8.7800000000 4.3810511777
8.7900000000 4.3637306696
8.8000000000 4.3464101615
8.8100000000 4.3290896534
8.8200000000 4.3117691454
8.8300000000 4.2944486373
8.8400000000 4.2771281292
8.8500000000 4.2598076211
8.8600000000 4.2424871131
8.8700000000 4.2251666050
8.8800000000 4.2078460969
8.8900000000 4.1905255888
8.9000000000 4.1732050808
8.9100000000 4.1558845727
8.9200000000 4.1385640646
8.9300000000 4.1212435565
8.9400000000 4.1039230485
8.9500000000 4.0866025404
8.9600000000 4.0692820323
8.9700000000 4.0519615242
8.9800000000 4.0346410162
8.9900000000 4.0173205081
9.0000000000 4.0000000000
